# Created by Octave 2.1.50, Mon Jun 14 10:41:41 2004 CEST <rlbeusek@tikka.labs.cs.uu.nl>
# name: MM_ALLT
# type: global matrix
# rows: 2
# columns: 1
 0
 2
# name: MM_ALLX
# type: global matrix
# rows: 2
# columns: 55
 -0.246114638934211 -0.122759961448069 0 0.124657029323063 0.249018139588514 0.373149259766254 0.49708237785948 0.620787475484708 0.744180938890316 0.867112660786241 0.989193956997179 1.10977649434977 1.229485287489 1.3533661562627 1.48919799795284 1.6348464908846 1.7754960673735 1.90612362935041 2.03152418977446 2.15524514974802 2.27845824892797 2.40161011877652 2.52487525805844 2.64830731677999 2.77190407838547 2.89563963341833 3.01947951388598 3.14338696834155 3.26732482983513 3.39125492385327 3.51513525810066 3.6389149175528 3.7625247729324 3.88586004841329 4.00875665728212 4.13081695631309 4.25138703849554 4.37108850875286 4.49496503702717 4.63079424357438 4.77644117865695 4.91708984359041 5.04771687573047 5.17311715049884 5.29683796231763 5.42005096322938 5.54320275970367 5.66646666811905 5.78989125981515 5.9134770914083 6.03707066824538 6.16042534573152 6.28318530717959 6.40784233650265 6.5322034467681
 -0.264990811707009 -0.13264941378853 0 0.123711308285937 0.247783736488776 0.371964671971681 0.496156649916124 0.620378289273538 0.744670750880368 0.869071560202314 0.993617829886879 1.11834688118496 1.24329606732374 1.36850235518224 1.49400164847357 1.61982787519107 1.74601204815179 1.87258173935418 1.9995613893988 2.12697366529952 2.25484188048117 2.3831923648731 2.51205684979733 2.64147590263732 2.77149800598004 2.90218607170229 3.03362788121981 3.16588594097009 3.2989862236507 3.43294939226975 3.56751673922824 3.70283106187362 3.83814709596812 3.96046957123099 4.05323653874343 4.12355944407496 4.18881722367177 4.26720383743399 4.37679173798766 4.51502473132727 4.65855769703121 4.79974699756915 4.93933475191522 5.07753509341448 5.21449469760436 5.3503687245373 5.48529768573065 5.61941222423602 5.75284344658349 5.88572059054721 6.01819449547258 6.15053589339106 6.28318530717959 6.40689661546553 6.53096904366836
# name: MM_ALLU
# type: global matrix
# rows: 3
# columns: 54
 0.312618685414275 0.437209480470687 0.562790519529313 0.687381314585725 0.809016994374947 0.925779291565073 1.035826794979 1.13742398974869 1.22896862742141 1.30901699437495 1.37630668004386 1.42977648588825 1.46858316112863 1.49211470131448 1.5 1.49211470131448 1.46858316112863 1.42977648588825 1.37630668004386 1.30901699437495 1.22896862742141 1.13742398974869 1.035826794979 0.925779291565072 0.809016994374947 0.687381314585725 0.562790519529313 0.437209480470686 0.312618685414275 0.190983005625052 0.0742207084349273 -0.0358267949789968 -0.13742398974869 -0.228968627421412 -0.309016994374947 -0.376306680043864 -0.429776485888251 -0.468583161128631 -0.492114701314478 -0.5 -0.492114701314478 -0.468583161128631 -0.429776485888252 -0.376306680043863 -0.309016994374948 -0.228968627421411 -0.13742398974869 -0.0358267949789963 0.0742207084349278 0.190983005625052 0.312618685414276 0.437209480470687 0.562790519529314 0.687381314585725
 0.316626197376729 0.438669310337381 0.562289096440925 0.685746363120723 0.806078525330567 0.921496015451081 1.03025665509978 1.13068891516576 1.22123889302503 1.30046858580652 1.36711566417873 1.4205749095396 1.46134651092652 1.48909975016865 1.49967243061847 1.49095511727742 1.46389852885789 1.42188900346294 1.36653657200521 1.29843582928561 1.21839485874792 1.12745824420394 1.02689628683176 0.918180570907887 0.802950103180851 0.682973384667723 0.560110726614131 0.436277864100997 0.313404359184517 0.193426283198529 0.0782168013501962 -0.0304192500127015 -0.130778069334682 -0.221286154295717 -0.30049270925359 -0.367127415266218 -0.420580263284939 -0.461348681242943 -0.489100403847815 -0.499672468319594 -0.490954939643745 -0.463898306416768 -0.421888827811889 -0.366536453613573 -0.298435761153534 -0.218394836129943 -0.127458700523506 -0.0269004235578739 0.0818073652443332 0.196966057575386 0.316626197376729 0.438669310337381 0.562289096440925 0.685746363120723
 0.104173229838911 0.147205013584049 0.189079844898791 0.229757485636923 0.270681769111461 0.311765958261526 0.352969169192586 0.394274420804271 0.435669023888291 0.477140692917883 0.518677849575385 0.560269182764502 0.60190299158391 0.643566512955563 0.68524528644625 0.726922550809749 0.768578636476316 0.810190379357008 0.8517306980055 0.893168666408543 0.93447028599847 0.975599733795419 1.01652013333648 1.05719051018999 1.09755745477721 1.13754332413107 1.17702412047628 1.21581393027016 1.25380106215941 1.29131907770731 1.32830161338565 1.36680773778242 1.41332502720034 1.42280596235883 1.21141499750674 0.29844048795308 -0.433312449469582 -0.411863709219358 -0.380739231301391 -0.344639494246472 -0.307043219151087 -0.268526947536915 -0.228992028942626 -0.188718671585314 -0.147922260251496 -0.106696215066234 -0.0651001283225483 -0.023182452174216 0.0190208574285428 0.0614685972094397 0.104173229838911 0.147205013584049 0.189079844898791 0.229757485636923
