# Created by Octave 2.1.36, Fri Apr 23 11:15:25 2004 CEST <beus@localhost.localdomain>
# name: Tstart
# type: scalar
0
# name: un
# type: matrix
# rows: 3
# columns: 201
 1 1 1 1 1 1 1 1 1 1 1 1 1 1 1 1 1 1 1 1 1 1 1 1 1 1 1 1 1 1 1 1 1 1 1 1 1 1 1 1 1 1 1 1 1 1 1 1 1 1 1 1 1 1 1 1 1 1 1 1 1 1 1 1 1 1 1 1 1 1 1 1 1 1 1 1 1 1 1 1 1 1 1 1 1 0.999999999999998 1.00000000000002 1.00000000002585 1.00000000987722 1.00000027111265 1.00000120863357 1.00000194583057 1.0000021027654 0.999997526727186 0.99958053880393 0.992031038155995 0.94791302408489 0.828147876979299 0.727581023137075 0.519459607901799 0.363770845973286 0.293386156665444 0.212642492031997 0.144665968490765 0.126285574098771 0.125016231677006 0.124999920995431 0.124999916867185 0.124999970696169 0.124999998630279 0.124999999996103 0.124999999999972 0.124999999999998 0.125 0.125 0.125 0.125 0.125 0.125 0.125 0.125 0.125 0.125 0.125 0.125 0.125 0.125 0.125 0.125 0.125 0.125 0.125 0.125 0.125 0.125 0.125 0.125 0.125 0.125 0.125 0.125 0.125 0.125 0.125 0.125 0.125 0.125 0.125 0.125 0.125 0.125 0.125 0.125 0.125 0.125 0.125 0.125 0.125 0.125 0.125 0.125 0.125 0.125 0.125 0.125 0.125 0.125 0.125 0.125 0.125 0.125 0.125 0.125 0.125 0.125 0.125 0.125 0.125 0.125 0.125 0.125 0.125 0.125 0.125 0.125 0.125 0.125 0.125 0.125 0.125 0.125 0.125 0.125 0.125 0.125 0.125 0.125 0.125 0.125 0.125 0.125
 4.9075102860407e-17 1.9268031810985e-17 1.9268031810985e-17 4.9075102860407e-17 1.33551563053429e-18 -2.22992915441008e-17 2.83734735894192e-17 7.9066633569386e-24 1.50994419057114e-30 2.03755692360614e-37 1.88182896191052e-44 1.17664951919002e-51 4.94703603282332e-59 1.38778177538121e-66 2.57274110295697e-74 3.1150272484588e-82 2.42899382901987e-90 1.19983964204559e-98 3.68259665263224e-107 6.86501035343418e-116 7.56585037949122e-125 4.77222051851387e-134 1.6563099488054e-143 3.01469969369714e-153 2.71058617345412e-163 1.1034299996066e-173 1.61608334673921e-184 0 0 0 0 0 0 0 0 0 0 0 0 0 0 0 0 0 0 0 0 0 0 0 0 0 0 0 0 0 0 0 0 0 0 0 0 0 0 0 0 0 0 0 0 0 0 1.93165847612246e-120 9.84940040796688e-77 1.84832676671919e-60 1.40339249500802e-47 2.29896084565691e-39 6.76749937751354e-33 2.68533718372399e-28 1.01654124104315e-24 7.5052830781696e-22 1.07654082026093e-19 3.30285108614449e-19 -2.97489993588213e-16 -9.08258549057806e-15 -2.70674203037389e-13 -1.81411448068662e-10 -1.23275356733352e-08 -8.05734478591846e-08 -1.34745847663477e-07 -1.3871181497926e-07 -5.60205154783531e-08 5.7184575849909e-06 0.000493375692074376 0.0100385820310726 0.0675682765909712 0.172741228847469 0.29510697118684 0.339098846255031 0.314854458363692 0.252701885771967 0.138735677046888 0.0301713720809019 0.00159061421346209 1.58288710400436e-05 -1.62719553881364e-07 -1.42822204230785e-07 -4.28282121106241e-08 -1.68617423554171e-09 -3.77549961334218e-12 -2.16397643856549e-14 -1.49651523945776e-15 -6.47173875881759e-17 -7.41996742011439e-19 7.29237929944661e-20 4.12638111481088e-21 9.97853221779006e-23 1.2903550360421e-24 9.16049427539265e-27 3.48928143678641e-29 6.74567966067343e-32 6.12322652822579e-35 2.48149512952353e-38 4.81663128378506e-42 2.14183668062257e-46 0 0 0 0 0 0 0 0 0 0 0 0 0 0 0 0 0 0 0 0 0 0 0 0 0 0 0 0 0 0 0 0 0 0 0 0 0 0 0 0 0 0 0 0 0 0 0 0 0 0 0 0 0 0 0 0 0 0 0 0 0 0 0 0 0 0 0 0 0 0 0 0 0 0 0
 2.5 2.5 2.5 2.5 2.5 2.5 2.5 2.5 2.5 2.5 2.5 2.5 2.5 2.5 2.5 2.5 2.5 2.5 2.5 2.5 2.5 2.5 2.5 2.5 2.5 2.5 2.5 2.5 2.5 2.5 2.5 2.5 2.5 2.5 2.5 2.5 2.5 2.5 2.5 2.5 2.5 2.5 2.5 2.5 2.5 2.5 2.5 2.5 2.5 2.5 2.5 2.5 2.5 2.5 2.5 2.5 2.5 2.5 2.5 2.5 2.5 2.5 2.5 2.5 2.5 2.5 2.5 2.5 2.5 2.5 2.5 2.5 2.5 2.5 2.5 2.5 2.5 2.5 2.5 2.5 2.5 2.5 2.5 2.5 2.5 2.49999999999998 2.49999999999997 2.50000000009359 2.5000000370271 2.50000102173626 2.5000045698229 2.50000737525065 2.50000797959542 2.49999205794857 2.49850727770275 2.47129802372347 2.31507672578304 1.93772725186067 1.62631407961099 1.23455782385003 0.961283372430171 0.795408073192382 0.576604792047668 0.327098973240019 0.254301370308147 0.250043153923786 0.249999763121227 0.249999764054098 0.249999918525953 0.249999996225417 0.249999999990573 0.249999999999979 0.249999999999999 0.25 0.25 0.25 0.25 0.25 0.25 0.25 0.25 0.25 0.25 0.25 0.25 0.25 0.25 0.25 0.25 0.25 0.25 0.25 0.25 0.25 0.25 0.25 0.25 0.25 0.25 0.25 0.25 0.25 0.25 0.25 0.25 0.25 0.25 0.25 0.25 0.25 0.25 0.25 0.25 0.25 0.25 0.25 0.25 0.25 0.25 0.25 0.25 0.25 0.25 0.25 0.25 0.25 0.25 0.25 0.25 0.25 0.25 0.25 0.25 0.25 0.25 0.25 0.25 0.25 0.25 0.25 0.25 0.25 0.25 0.25 0.25 0.25 0.25 0.25 0.25 0.25 0.25 0.25 0.25 0.25 0.25 0.25 0.25 0.25 0.25 0.25 0.25
# name: errorCheck
# type: scalar
0
# name: f_f
# type: string array
# elements: 1
# length: 6
fEuler
# name: Tend
# type: scalar
0.001
# name: f_g
# type: string array
# elements: 1
# length: 6
gEuler
# name: totw
# type: global scalar
5369.514527285
# name: txt1
# type: string array
# elements: 1
# length: 26
Execution took 6.3 seconds
# name: timesample
# type: scalar
1
# name: txt2
# type: string array
# elements: 1
# length: 29
Total number of time steps: 7
# name: txt3
# type: string array
# elements: 1
# length: 36
Average number of remeshing steps: 3
# name: plotExact
# type: scalar
0
# name: txt4
# type: string array
# elements: 1
# length: 15
maxw   : 24.438
# name: totmaxw
# type: global scalar
508.826599247505
# name: txt5
# type: string array
# elements: 1
# length: 16
avgw   : 1.13568
# name: txt6
# type: string array
# elements: 1
# length: 16
avgmaxw: 21.2011
# name: f_settings
# type: string array
# elements: 1
# length: 10
settingsST
# name: cflC
# type: scalar
0.5
# name: bw
# type: scalar
40
# name: nargout
# type: scalar
0
# name: plotIdx
# type: scalar
-1
# name: MM_datasource
# type: global string array
# elements: 1
# length: 22
Live Simulation Output
# name: nw
# type: global scalar
24
# name: programstart
# type: scalar
13.54
# name: f_dfdu
# type: string array
# elements: 1
# length: 9
dfduEuler
# name: solverId
# type: scalar
1
# name: mm_tol
# type: scalar
1e-06
# name: mm_totit
# type: scalar
24
# name: diffw
# type: global scalar
1.23046627838258
# name: f_boundaries
# type: string array
# elements: 1
# length: 11
neumann_sol
# name: f_init
# type: string array
# elements: 1
# length: 6
initST
# name: MM_A
# type: global scalar
0
# name: MM_B
# type: global scalar
1
# name: action
# type: string array
# elements: 1
# length: 5
exact
# name: mm_nsmooth
# type: scalar
0
# name: storeInFile
# type: scalar
0
# name: f_monitor
# type: string array
# elements: 1
# length: 9
monitorBM
# name: N
# type: scalar
200
# name: mm_it
# type: scalar
3
# name: dt
# type: scalar
7.5172020050968e-05
# name: mm_maxit
# type: scalar
3
# name: ti
# type: scalar
8
# name: maxw
# type: global scalar
24.4380059670381
# name: nargin
# type: scalar
13
# name: tn
# type: scalar
0.001
# name: pt
# type: scalar
1.001
