a = 105;
b = 1.05e+2;
c = 1050e-1;
a==b & a==c & b==c

