function matrix 
a = [ 1 2 ] 
b = [ 1 2 a ]
c = [ [1 2] ; [1 2] ]
t= [3,4,5,6];
t([1 2]) = 0
c = [ 1 2 3 4 t 1 2 ; t]
#d = [ 1:50 ; 50:-1:1 ]
