function range
a = [ 5 1 2 3 4 ]
b = 1:a
c = 1:1:10
d = -1:.5:1
e = 1:- .5:-1
f = 1:3:1
g = 1:0:1
h = 1:[4 5 6]
